[ 0 1 ]
 SV = false

[1]M(2,2)
Me5 : (0)(0.035877)(0)(0.00674273)(0.0003)(1)
Me7 : (0)(0.00101083)(0)(0.0370312)(0.0003)(1)
Mg5 : (0)(0.00101083)(0)(0.0370312)(0.0003)(1)
Mg7 : (0)(0.000280606)(0)(0.0372582)(0.0003)(1)
Be5 : (0)(0.000462309)(0)(0.00683401)(0.0003)(1)
Be7 : (0)(0.00207881)(0)(0.0370028)(0.0003)(1)
Bg5 : (0)(0.00207881)(0)(0.0370028)(0.0003)(1)
Bg7 : (0)(0.00208014)(0)(0.0372467)(0.0003)(1)
Pe5 : (0)(0.000462309)(0)(0.00683401)(0.0003)(1)
Pe7 : (0)(0.00207881)(0)(0.0370028)(0.0003)(1)
Pg5 : (0)(0.00207881)(0)(0.0370028)(0.0003)(1)
Pg7 : (0)(0.00208014)(0)(0.0372467)(0.0003)(1)
[2]B(g,7)
[1]M(3,3)
Me5 : (0)(0.789213)(0)(0.0220575)(0.0003)(1)
Me7 : (0)(0.0142418)(0)(0.172855)(0.0003)(1)
Mg5 : (0)(0.0142418)(0)(0.172855)(0.0003)(1)
Be5 : (0)(0.00549992)(0)(0.0224735)(0.0003)(1)
Be7 : (0)(0.0492326)(0)(0.172785)(0.0003)(1)
Bg5 : (0)(0.0492326)(0)(0.172785)(0.0003)(1)
Pe5 : (0)(0.00549992)(0)(0.0224735)(0.0003)(1)
Pe7 : (0)(0.0492326)(0)(0.172785)(0.0003)(1)
Pg5 : (0)(0.0492326)(0)(0.172785)(0.0003)(1)
Dg7 : (0)(0.0367169)(0)(0.00987183)(0.0003)(1)
[2]B(e,7)
[1]B(4,4)
Mg5 : (0)(0.00851984)(0)(0)(0.0003)(1)
Bg5 : (0)(0.00851222)(0)(0)(0.0003)(1)
Pg5 : (0)(0.00851222)(0)(0)(0.0003)(1)
De7 : (0)(0.00549992)(0)(0.018362)(0.0003)(1)
Dg7 : (0)(0.00549507)(0)(0.0102845)(0.0003)(1)
[2]D(e,7)
